http://192.168.0.146:8082/charts/CS_home_pi_avnav_data_ocharts_charts_oeuSENC-ESmed-2025-1-12-base-sgl001E8E02/12/2088/1519.png?featureInfo=1&lat=41.195531175991476&lon=1.760043635208205&tolerance=0.005402258049815423


http://192.168.0.146:8082/charts/CS_home_pi_avnav_data_ocharts_charts_oeuSENC-ESmed-2025-1-12-base-sgl001E8E02/12/2088/1519.png?featureInfo=1&lat=41.20612&lon=1.72958&tolerance=0.005402258049815423





Zoom    Tolerance

3
4
5
6       0.9832890607920446        x
7       0.4916445303960222        x
8       0.2458222651980113
9       0.12291113259900555
10      0.061455566299502884
11      0.030727783149751886
12      0.015363891574875943
13      0.0076819457874379715
14      0.003840972893719208
15      0.0019204864468593819
16      0.000960243223429913
17      0.0004801216117145124
18      0.00024006080585703415
19*     0.0001609325408935547